"ozone"<-
structure(.Data = c(2.7000000000000002, 2, 3.6000000000000001, 5, 6.5, 
	6.0999999999999996, 5.9000000000000004, 5, 6.4000000000000004, 
	7.4000000000000004, 8.1999999999999993, 3.8999999999999999, 
	4.0999999999999996, 4.5, 5.5, 3.7999999999999998, 4.7999999999999998, 
	5.5999999999999996, 6.2999999999999998, 5.9000000000000004, 
	8.6999999999999993, 5.2999999999999998, 5.7000000000000002, 
	5.7000000000000002, 3, 3.3999999999999999, 4.9000000000000004, 4.5, 4, 
	5.7000000000000002, 6.2999999999999998, 7.0999999999999996, 8, 
	5.2000000000000002, 5, 4.7000000000000002, 3.7000000000000002, 
	3.1000000000000001, 2.5, 4, 4.0999999999999996, 4.5999999999999996, 
	4.4000000000000004, 4.2000000000000002, 5.0999999999999996, 
	4.5999999999999996, 4.4000000000000004, 4, 2.8999999999999999, 
	2.3999999999999999, 4.7000000000000002, 5.0999999999999996, 4, 7.5, 
	7.7000000000000002, 6.2999999999999998, 5.2999999999999998, 
	5.7000000000000002, 4.7999999999999998, 2.7000000000000002, 1.7, 2, 
	3.3999999999999999, 4, 4.2999999999999998, 5, 5.5, 5, 
	5.4000000000000004, 3.7999999999999998, 2.3999999999999999, 2, 
	2.2000000000000002, 2.5, 2.6000000000000001, 3.2999999999999998, 
	2.8999999999999999, 4.2999999999999998, 4.2000000000000002, 
	4.2000000000000002, 3.8999999999999999, 3.8999999999999999, 2.5, 
	2.2000000000000002, 2.3999999999999999, 1.8999999999999999, 
	2.1000000000000001, 4.5, 3.2999999999999998, 3.3999999999999999, 
	4.0999999999999996, 5.7000000000000002, 4.7999999999999998, 5, 
	2.7999999999999998, 2.8999999999999999, 1.7, 3.2000000000000002, 
	2.7000000000000002, 3, 3.3999999999999999, 3.7999999999999998, 5, 
	4.7999999999999998, 4.9000000000000004, 3.5, 2.5, 2.3999999999999999, 
	1.6000000000000001, 2.2999999999999998, 2.5, 3.1000000000000001, 3.5, 
	4.5, 5.7000000000000002, 5, 4.5999999999999996, 4.7999999999999998, 
	2.1000000000000001, 1.3999999999999999, 2.1000000000000001, 
	2.8999999999999999, 2.7000000000000002, 4.2000000000000002, 
	3.8999999999999999, 4.0999999999999996, 4.5999999999999996, 
	5.7999999999999998, 4.4000000000000004, 6.0999999999999996, 3.5, 
	1.8999999999999999, 1.8, 1.8999999999999999, 3.7000000000000002, 
	4.4000000000000004, 3.7999999999999998, 5.5999999999999996, 
	5.7000000000000002, 5.0999999999999996, 5.5999999999999996, 
	4.7999999999999998, 2.5, 1.5, 1.8, 2.5, 2.6000000000000001, 1.8, 
	3.7000000000000002, 3.7000000000000002, 4.9000000000000004, 
	5.0999999999999996, 3.7000000000000002, 5.4000000000000004, 3, 1.8, 
	2.1000000000000001, 2.6000000000000001, 2.7999999999999998, 
	3.2000000000000002, 3.5, 3.5, 4.9000000000000004, 4.2000000000000002, 
	4.7000000000000002, 3.7000000000000002, 3.2000000000000002, 1.8, 2, 1.7,
	2.7999999999999998, 3.2000000000000002, 4.4000000000000004, 
	3.3999999999999999, 3.8999999999999999, 5.5, 3.7999999999999998, 
	3.2000000000000002, 2.2999999999999998, 2.2000000000000002, 1.3, 
	2.2999999999999998, 2.7000000000000002, 3.2999999999999998, 
	3.7000000000000002, 3, 3.7999999999999998, 4.7000000000000002, 
	4.5999999999999996, 2.8999999999999999, 1.7, 1.3, 1.8, 2, 
	2.2000000000000002, 3, 2.3999999999999999, 3.5, 3.5, 3.2999999999999998,
	2.7000000000000002, 2.5, 1.6000000000000001, 1.2, 1.5, 2, 
	3.1000000000000001, 3, 3.5, 3.3999999999999999, 4, 3.7999999999999998, 
	3.1000000000000001, 2.1000000000000001, 1.6000000000000001, 1.3), .Tsp
	 = c(1955, 1972.9166666666667, 12), title = 
	"Ozone concentration, downtown L.A., 1955.1-1972.12", abb = c("Jan", 
	"Feb", "Mar", "Apr", "May", "Jun", "Jul", "Aug", "Sep", "Oct", "Nov", 
	"Dec"))
